from_stop_id,to_stop_id,transfer_type,min_transfer_time
1016146,1016146,0,
1016175,1016175,0,
1016205,1016205,0,
1016210,1016210,0,
1016225,1016225,0,
1016230,1016230,0,
1016240,1016240,0,
1016435,1016435,0,
1016885,1016885,0,
1016890,1016890,0,
1016895,1016895,0,
1040110,1040110,0,
1040130,1040130,0,
1040150,1040150,0,
1040185,1040185,0,
1040190,1040190,0,
1040355,1040355,0,
1040421,1040421,0,
1040450,1040450,0,
1040461,1040461,0,
1040465,1040465,0,
1040473,1040473,0,
1040480,1040480,0,
1040482,1040482,0,
1040495,1040495,0,
1040510,1040510,0,
1040535,1040535,0,
1040560,1040560,0,
1040561,1040561,0,
1040650,1040650,0,
1040651,1040651,0,
1040652,1040652,0,
1040660,1040660,0,
1041000,1041000,0,
1052025,1052025,0,
1052030,1052030,0,
1052300,1052300,0,
1052301,1052301,0,
1052310,1052310,0,
1052339,1052339,0,
1052340,1052340,0,
1052341,1052341,0,
1052565,1052565,0,
1052610,1052610,0,
1052615,1052615,0,
1053675,1053675,0,
1053760,1053760,0,
1053790,1053790,0,
1053793,1053793,0,
1053820,1053820,0,
1053825,1053825,0,
1053831,1053831,0,
1053835,1053835,0,
1053845,1053845,0,
1053935,1053935,0,
1054105,1054105,0,
1054190,1054190,0,
1054220,1054220,0,
1054685,1054685,0,
1054686,1054686,0,
1054690,1054690,0,
1054725,1054725,0,
1054820,1054820,0,
1054825,1054825,0,
1054865,1054865,0,
1054895,1054895,0,
1054920,1054920,0,
1054945,1054945,0,
1054981,1054981,0,
1054985,1054985,0,
1055085,1055085,0,
1061895,1061895,0,
1061896,1061896,0,
1061910,1061910,0,
1061920,1061920,0,
1061980,1061980,0,
1062655,1062655,0,
1062695,1062695,0,
1062696,1062696,0,
1062710,1062710,0,
1065235,1065235,0,
1065590,1065590,0,
1065630,1065630,0,
1065655,1065655,0,
1065821,1065821,0,
1065885,1065885,0,
1068565,1068565,0,
1068595,1068595,0,
1068605,1068605,0,
1069115,1069115,0,
1069155,1069155,0,
1069395,1069395,0,
1069406,1069406,0,
1069410,1069410,0,
1069445,1069445,0,
1069615,1069615,0,
1069641,1069641,0,
1069700,1069700,0,
1069901,1069901,0,
1069910,1069910,0,
1069945,1069945,0,
1069965,1069965,0,
1069980,1069980,0,
1118640,1118640,0,
1118675,1118675,0,
1118735,1118735,0,
1118935,1118935,0,
1187320,1187320,0,
1197425,1197425,0,
1223280,1223280,0,
1223285,1223285,0,
1231820,1231820,0,
1233380,1233380,0,
1241890,1241890,0,
1242295,1242295,0,
1242760,1242760,0,
1242765,1242765,0,
1242768,1242768,0,
1242850,1242850,0,
1242961,1242961,0,
1242962,1242962,0,
1243555,1243555,0,
1253135,1253135,0,
1253145,1253145,0,
1253170,1253170,0,
1284375,1284375,0,
1351190,1351190,0,
1351195,1351195,0,
1351230,1351230,0,
1351240,1351240,0,
1351460,1351460,0,
1351465,1351465,0,
1355191,1355191,0,
1360700,1360700,0,
1360705,1360705,0,
1360740,1360740,0,
1360880,1360880,0,
1360970,1360970,0,
1361070,1361070,0,
1361075,1361075,0,
1361115,1361115,0,
1361116,1361116,0,
1361141,1361141,0,
1361142,1361142,0,
1372115,1372115,0,
1381775,1381775,0,
1381777,1381777,0,
1381800,1381800,0,
2110030,2110030,0,
2110085,2110085,0,
2110086,2110086,0,
2110103,2110103,0,
2110142,2110142,2,60
2110210,2110210,0,
2110301,2110301,0,
2110312,2110312,0,
2110411,2110411,0,
2130101,2130101,0,
2130108,2130108,0,
2130170,2130170,2,60
2130180,2130180,0,
2130200,2130200,0,
2130201,2130201,0,
2130203,2130203,0,
2130301,2130301,0,
2130308,2130308,0,
2130501,2130501,0,
2130701,2130701,0,
2130704,2130704,0,
2130705,2130705,0,
2130712,2130712,0,
2140022,2140022,0,
2140024,2140024,0,
2140030,2140030,0,
2140031,2140031,0,
2140040,2140040,0,
2140050,2140050,0,
2140090,2140090,0,
2140148,2140148,0,
2140190,2140190,0,
2140201,2140201,0,
2140220,2140220,0,
2140221,2140221,0,
2140234,2140234,0,
2140240,2140240,2,60
2140248,2140248,0,
2140250,2140250,0,
2140251,2140251,0,
2140260,2140260,0,
2140290,2140290,0,
2150020,2150020,2,60
2150030,2150030,2,60
2150060,2150060,0,
2150160,2150160,0,
2150180,2150180,2,60
2150191,2150191,2,60
2150192,2150192,0,
2150229,2150229,0,
2150440,2150440,0,
2150552,2150552,0,
2150554,2150554,0,
2150630,2150630,2,60
2150640,2150640,0,
2150641,2150641,0,
2150660,2150660,2,60
2150740,2150740,0,
2150785,2150785,0,
2150800,2150800,0,
2150810,2150810,0,
2160005,2160005,2,60
2160006,2160006,0,
2160007,2160007,0,
2160010,2160010,0,
2160012,2160012,0,
2160020,2160020,0,
2160060,2160060,0,
2160064,2160064,0,
2160170,2160170,0,
2160180,2160180,0,
2160225,2160225,0,
2160300,2160300,0,
2160320,2160320,2,60
2160321,2160321,2,60
2160340,2160340,0,
2160410,2160410,0,
2160460,2160460,0,
2160472,2160472,0,
2160520,2160520,2,60
2160530,2160530,0,
2160550,2160550,0,
2170003,2170003,0,
2170005,2170005,0,
2170018,2170018,0,
2170042,2170042,0,
2170075,2170075,0,
2170088,2170088,0,
2170090,2170090,0,
2170101,2170101,0,
2170102,2170102,0,
2170105,2170105,0,
2170107,2170107,0,
2170149,2170149,0,
2170150,2170150,0,
2170156,2170156,0,
2170160,2170160,0,
2170162,2170162,0,
2170180,2170180,0,
2170201,2170201,0,
2170210,2170210,0,
2170297,2170297,0,
2170299,2170299,0,
2190001,2190001,0,
2190004,2190004,0,
2190005,2190005,0,
2190007,2190007,0,
2190008,2190008,0,
2190009,2190009,0,
2190017,2190017,0,
2190018,2190018,0,
2190019,2190019,0,
2190022,2190022,0,
2190023,2190023,0,
2190025,2190025,0,
2190040,2190040,0,
2190048,2190048,0,
2190050,2190050,0,
2190051,2190051,0,
2190052,2190052,0,
2190054,2190054,0,
2190060,2190060,0,
2190066,2190066,0,
2190070,2190070,0,
2190071,2190071,0,
2190080,2190080,0,
2190083,2190083,0,
2190084,2190084,0,
2190085,2190085,0,
2190090,2190090,0,
2190091,2190091,0,
2190101,2190101,0,
2190119,2190119,0,
2190120,2190120,0,
2190145,2190145,0,
2190148,2190148,0,
2190149,2190149,0,
2190150,2190150,0,
2190160,2190160,0,
2190165,2190165,0,
2190170,2190170,0,
2190175,2190175,0,
2190180,2190180,0,
2190181,2190181,0,
2190201,2190201,0,
2190205,2190205,0,
2190211,2190211,0,
2190218,2190218,0,
2190219,2190219,0,
2190220,2190220,0,
2190235,2190235,0,
2190238,2190238,0,
2190240,2190240,0,
2190242,2190242,0,
2190245,2190245,0,
2190255,2190255,0,
2190275,2190275,0,
2190280,2190280,0,
2190281,2190281,0,
2190301,2190301,0,
2190308,2190308,0,
2190315,2190315,0,
2190321,2190321,0,
2190322,2190322,0,
2190342,2190342,0,
2190350,2190350,0,
2190355,2190355,0,
2190360,2190360,0,
2190361,2190361,0,
2190396,2190396,0,
2190398,2190398,0,
2190401,2190401,0,
2190430,2190430,0,
2190432,2190432,0,
2190433,2190433,0,
2190435,2190435,0,
2190440,2190440,0,
2190441,2190441,0,
2190449,2190449,0,
2190450,2190450,0,
2190451,2190451,2,60
2190475,2190475,0,
2190480,2190480,0,
2190490,2190490,0,
2190526,2190526,0,
2190527,2190527,0,
2190528,2190528,0,
2190655,2190655,0,
2190740,2190740,0,
2190746,2190746,0,
2190749,2190749,0,
2190753,2190753,0,
2190755,2190755,0,
2190760,2190760,0,
2190762,2190762,0,
2190768,2190768,0,
2190780,2190780,0,
2190782,2190782,0,
2190785,2190785,0,
2190790,2190790,0,
2190791,2190791,0,
2190793,2190793,0,
2190795,2190795,0,
2190815,2190815,0,
2190820,2190820,0,
2190822,2190822,0,
2190850,2190850,2,60
2190855,2190855,0,
2190862,2190862,0,
2190880,2190880,0,
2195136,2195136,0,
2200005,2200005,0,
2200022,2200022,0,
2200030,2200030,0,
2200115,2200115,2,60
2200120,2200120,0,
2200335,2200335,0,
2200391,2200391,0,
2200392,2200392,0,
2200393,2200393,0,
2200401,2200401,0,
2200435,2200435,0,
2200445,2200445,2,60
2200485,2200485,0,
2200501,2200501,0,
2200605,2200605,0,
2200615,2200615,0,
2200670,2200670,0,
2200685,2200685,0,
2200695,2200695,0,
2200730,2200730,0,
2200731,2200731,0,
2200740,2200740,0,
2200749,2200749,0,
2200751,2200751,0,
2200801,2200801,2,60
2200810,2200810,0,
2200830,2200830,0,
2200831,2200831,0,
2200835,2200835,0,
2200850,2200850,0,
2210010,2210010,2,60
2210100,2210100,2,60
2210160,2210160,0,
2210170,2210170,2,60
2210200,2210200,0,
2210219,2210219,0,
2210220,2210220,2,60
2210400,2210400,0,
2210402,2210402,0,
2210490,2210490,0,
2210500,2210500,2,60
2210502,2210502,2,60
2210519,2210519,0,
2210520,2210520,0,
2210570,2210570,0,
2210580,2210580,0,
2210600,2210600,2,60
2210650,2210650,0,
2210680,2210680,0,
2210700,2210700,0,
2210705,2210705,0,
2210770,2210770,0,
2260014,2260014,0,
2260061,2260061,0,
2260070,2260070,2,60
2260101,2260101,2,60
2260120,2260120,0,
2260130,2260130,2,60
2260144,2260144,0,
2260146,2260146,0,
2260160,2260160,0,
2260170,2260170,2,60
2260172,2260172,2,60
2260174,2260174,0,
2260180,2260180,0,
2260190,2260190,0,
2260225,2260225,0,
2260260,2260260,0,
2260270,2260270,0,
2260301,2260301,2,60
2260312,2260312,0,
2270101,2270101,0,
2270102,2270102,0,
2270120,2270120,0,
2270121,2270121,0,
2270200,2270200,2,60
2270220,2270220,0,
2270313,2270313,0,
2270430,2270430,0,
2270630,2270630,0,
2270640,2270640,0,
2270641,2270641,2,60
2270650,2270650,0,
2270690,2270690,0,
2270692,2270692,0,
2280250,2280250,2,60
2280421,2280421,0,
2280425,2280425,0,
2280426,2280426,0,
2290020,2290020,2,60
2290024,2290024,2,60
2290026,2290026,0,
2290060,2290060,0,
2290115,2290115,2,60
2290140,2290140,0,
2290180,2290180,0,
2290220,2290220,2,60
2300002,2300002,0,
2300003,2300003,0,
2300011,2300011,0,
2300012,2300012,0,
2300015,2300015,2,60
2300060,2300060,0,
2300201,2300201,0,
2300234,2300234,0,
2300263,2300263,0,
2300290,2300290,0,
2300291,2300291,0,
2300306,2300306,0,
2300315,2300315,0,
2300317,2300317,0,
2300320,2300320,0,
2300420,2300420,2,60
2300430,2300430,0,
2300433,2300433,0,
2300435,2300435,0,
2300438,2300438,0,
2300439,2300439,0,
2300443,2300443,0,
2300444,2300444,0,
2300500,2300500,0,
2300510,2300510,0,
2301771,2301771,0,
2310080,2310080,0,
2310090,2310090,0,
2310101,2310101,0,
2310102,2310102,0,
2310105,2310105,2,60
2310109,2310109,2,60
2310110,2310110,0,
2310130,2310130,0,
2310138,2310138,0,
2310190,2310190,0,
2310199,2310199,0,
2310201,2310201,0,
2310205,2310205,0,
2310212,2310212,0,
2310215,2310215,0,
2310238,2310238,0,
2310239,2310239,0,
2310301,2310301,0,
2310305,2310305,0,
2310306,2310306,0,
2310310,2310310,0,
2310313,2310313,0,
2310315,2310315,0,
2310325,2310325,0,
2310340,2310340,0,
2310345,2310345,0,
2310374,2310374,0,
2310390,2310390,2,60
2310392,2310392,0,
2310420,2310420,0,
2310442,2310442,0,
2310450,2310450,0,
2330101,2330101,2,60
2330110,2330110,0,
2330117,2330117,0,
2330120,2330120,0,
2330121,2330121,2,60
2330130,2330130,0,
2330138,2330138,0,
2330139,2330139,0,
2330140,2330140,2,60
2330150,2330150,2,60
2330158,2330158,0,
2330160,2330160,0,
2330171,2330171,0,
2330180,2330180,2,60
2330210,2330210,0,
2330220,2330220,2,60
2340100,2340100,0,
2340200,2340200,2,60
2350010,2350010,2,60
2350039,2350039,0,
2350100,2350100,0,
2350110,2350110,0,
2350112,2350112,0,
2350115,2350115,0,
2350120,2350120,0,
2350121,2350121,0,
2350131,2350131,0,
2350132,2350132,0,
2350185,2350185,0,
2350192,2350192,0,
2350195,2350195,0,
2350201,2350201,0,
2350210,2350210,0,
2350212,2350212,0,
2350289,2350289,2,60
2350290,2350290,0,
2350320,2350320,0,
2360022,2360022,0,
2360027,2360027,0,
2360028,2360028,2,60
2360030,2360030,2,60
2360040,2360040,0,
2360050,2360050,0,
2360055,2360055,0,
2360101,2360101,0,
2360110,2360110,0,
2360120,2360120,2,60
2360139,2360139,0,
2360140,2360140,0,
2360200,2360200,0,
2360224,2360224,0,
2360226,2360226,0,
2360230,2360230,0,
2360301,2360301,2,60
2360310,2360310,0,
2360318,2360318,0,
2360320,2360320,0,
2360400,2360400,2,60
2360410,2360410,2,60
2360446,2360446,2,60
2360467,2360467,0,
2360492,2360492,0,
2360530,2360530,0,
2360540,2360540,0,
2360547,2360547,0,
2360672,2360672,0,
2360802,2360802,0,
2370020,2370020,0,
2370102,2370102,0,
2370103,2370103,0,
2370180,2370180,0,
2370220,2370220,0,
2370230,2370230,2,60
2370301,2370301,0,
2370310,2370310,0,
2370312,2370312,0,
2370320,2370320,2,60
2370431,2370431,0,
2370447,2370447,0,
2370450,2370450,0,
2370455,2370455,0,
2370460,2370460,0,
2370548,2370548,0,
2370549,2370549,0,
2370551,2370551,0,
2370601,2370601,0,
2370646,2370646,0,
2380020,2380020,2,60
2380090,2380090,0,
2380110,2380110,2,60
2380111,2380111,0,
2380115,2380115,0,
2380140,2380140,0,
2380210,2380210,0,
2380290,2380290,0,
2380300,2380300,0,
2380307,2380307,0,
2380310,2380310,2,60
2380320,2380320,0,
2380354,2380354,0,
2380380,2380380,0,
2380393,2380393,0,
2380395,2380395,0,
2380400,2380400,0,
2380450,2380450,0,
2380460,2380460,2,60
2390250,2390250,0,
2390256,2390256,0,
2390270,2390270,0,
3010005,3010005,0,
3010006,3010006,0,
3010011,3010011,0,
3010012,3010012,0,
3010013,3010013,0,
3010017,3010017,0,
3010020,3010020,0,
3010025,3010025,0,
3010028,3010028,0,
3010031,3010031,0,
3010032,3010032,0,
3010033,3010033,0,
3010036,3010036,0,
3010038,3010038,0,
3010042,3010042,0,
3010044,3010044,0,
3010045,3010045,0,
3010046,3010046,0,
3010047,3010047,0,
3010048,3010048,0,
3010049,3010049,0,
3010050,3010050,0,
3010051,3010051,0,
3010052,3010052,0,
3010053,3010053,0,
3010054,3010054,0,
3010056,3010056,0,
3010057,3010057,0,
3010059,3010059,0,
3010062,3010062,0,
3010065,3010065,0,
3010066,3010066,0,
3010067,3010067,0,
3010071,3010071,0,
3010075,3010075,0,
3010076,3010076,0,
3010077,3010077,0,
3010082,3010082,0,
3010090,3010090,0,
3010093,3010093,0,
3010095,3010095,0,
3010105,3010105,0,
3010110,3010110,0,
3010111,3010111,0,
3010112,3010112,0,
3010114,3010114,0,
3010120,3010120,0,
3010122,3010122,0,
3010123,3010123,0,
3010125,3010125,0,
3010126,3010126,0,
3010131,3010131,0,
3010132,3010132,0,
3010133,3010133,0,
3010134,3010134,0,
3010140,3010140,0,
3010151,3010151,0,
3010152,3010152,0,
3010153,3010153,0,
3010154,3010154,0,
3010155,3010155,0,
3010156,3010156,0,
3010157,3010157,0,
3010162,3010162,0,
3010163,3010163,0,
3010164,3010164,0,
3010171,3010171,0,
3010172,3010172,0,
3010176,3010176,0,
3010200,3010200,0,
3010201,3010201,0,
3010202,3010202,0,
3010203,3010203,0,
3010206,3010206,0,
3010212,3010212,0,
3010213,3010213,0,
3010217,3010217,0,
3010220,3010220,0,
3010221,3010221,0,
3010222,3010222,0,
3010230,3010230,0,
3010231,3010231,0,
3010233,3010233,0,
3010234,3010234,0,
3010306,3010306,0,
3010307,3010307,0,
3010311,3010311,0,
3010312,3010312,0,
3010313,3010313,0,
3010314,3010314,0,
3010320,3010320,0,
3010321,3010321,0,
3010322,3010322,0,
3010323,3010323,0,
3010326,3010326,0,
3010330,3010330,0,
3010331,3010331,0,
3010340,3010340,0,
3010341,3010341,0,
3010342,3010342,0,
3010343,3010343,0,
3010344,3010344,0,
3010345,3010345,0,
3010346,3010346,0,
3010347,3010347,0,
3010350,3010350,0,
3010352,3010352,0,
3010360,3010360,0,
3010365,3010365,0,
3010370,3010370,0,
3010371,3010371,0,
3010405,3010405,0,
3010406,3010406,0,
3010407,3010407,0,
3010410,3010410,0,
3010412,3010412,0,
3010415,3010415,0,
3010420,3010420,0,
3010423,3010423,0,
3010425,3010425,0,
3010427,3010427,0,
3010430,3010430,0,
3010434,3010434,0,
3010436,3010436,0,
3010440,3010440,0,
3010441,3010441,0,
3010443,3010443,0,
3010444,3010444,0,
3010445,3010445,0,
3010447,3010447,0,
3010465,3010465,0,
3010510,3010510,0,
3010511,3010511,0,
3010512,3010512,0,
3010513,3010513,0,
3010514,3010514,0,
3010515,3010515,0,
3010516,3010516,0,
3010519,3010519,0,
3010520,3010520,0,
3010521,3010521,0,
3010524,3010524,0,
3010525,3010525,0,
3010527,3010527,0,
3010531,3010531,0,
3010532,3010532,0,
3010533,3010533,0,
3010534,3010534,0,
3010535,3010535,0,
3010600,3010600,0,
3010601,3010601,0,
3010602,3010602,0,
3010604,3010604,0,
3010605,3010605,0,
3010610,3010610,0,
3010613,3010613,0,
3010614,3010614,0,
3010617,3010617,0,
3010618,3010618,0,
3010619,3010619,0,
3010620,3010620,0,
3010621,3010621,0,
3010622,3010622,0,
3010623,3010623,0,
3010624,3010624,0,
3010625,3010625,0,
3010626,3010626,0,
3010627,3010627,0,
3010630,3010630,0,
3010640,3010640,0,
3010641,3010641,0,
3010643,3010643,0,
3010650,3010650,0,
3010652,3010652,0,
3010662,3010662,0,
3010663,3010663,0,
3010664,3010664,0,
3010665,3010665,0,
3010713,3010713,0,
3010720,3010720,0,
3010723,3010723,0,
3010724,3010724,0,
3010725,3010725,0,
3010727,3010727,0,
3010732,3010732,0,
3010733,3010733,0,
3010734,3010734,0,
3010735,3010735,0,
3010736,3010736,0,
3010740,3010740,0,
3010741,3010741,0,
3010743,3010743,0,
3010754,3010754,0,
3010755,3010755,0,
3010760,3010760,0,
3010763,3010763,0,
3010770,3010770,0,
3010771,3010771,0,
3010780,3010780,0,
3010781,3010781,0,
3010813,3010813,0,
3010815,3010815,0,
3010824,3010824,0,
3010825,3010825,0,
3010840,3010840,0,
3010841,3010841,0,
3010855,3010855,0,
3010856,3010856,0,
3010860,3010860,0,
3010861,3010861,0,
3010862,3010862,0,
3010863,3010863,0,
3010864,3010864,0,
3010866,3010866,0,
3010867,3010867,0,
3010870,3010870,0,
3010871,3010871,0,
3010880,3010880,0,
3010885,3010885,0,
3010911,3010911,0,
3010912,3010912,0,
3010913,3010913,0,
3010915,3010915,0,
3010921,3010921,0,
3010925,3010925,0,
3010927,3010927,0,
3010932,3010932,0,
3010933,3010933,0,
3010940,3010940,0,
3010941,3010941,0,
3010942,3010942,0,
3010943,3010943,0,
3010944,3010944,0,
3010950,3010950,0,
3010951,3010951,0,
3010953,3010953,0,
3010955,3010955,0,
3010959,3010959,0,
3010960,3010960,0,
3010961,3010961,0,
3010962,3010962,0,
3010963,3010963,0,
3010968,3010968,0,
3010969,3010969,0,
3010970,3010970,0,
3010975,3010975,0,
3010976,3010976,0,
3010978,3010978,0,
3010979,3010979,0,
3010981,3010981,0,
3010983,3010983,0,
3010984,3010984,0,
3010987,3010987,0,
3010990,3010990,0,
3010991,3010991,0,
3010995,3010995,0,
3011001,3011001,0,
3011010,3011010,0,
3011011,3011011,0,
3011012,3011012,0,
3011013,3011013,0,
3011014,3011014,0,
3011015,3011015,0,
3011020,3011020,0,
3011021,3011021,0,
3011025,3011025,0,
3011030,3011030,0,
3011031,3011031,0,
3011032,3011032,0,
3011036,3011036,0,
3011110,3011110,0,
3011111,3011111,0,
3011114,3011114,0,
3011115,3011115,0,
3011116,3011116,0,
3011120,3011120,0,
3011121,3011121,0,
3011126,3011126,0,
3011127,3011127,0,
3011130,3011130,0,
3011131,3011131,0,
3011136,3011136,0,
3011137,3011137,0,
3011140,3011140,0,
3011141,3011141,0,
3011143,3011143,0,
3011145,3011145,0,
3011146,3011146,0,
3011200,3011200,0,
3011201,3011201,0,
3011202,3011202,0,
3011203,3011203,0,
3011205,3011205,0,
3011206,3011206,0,
3011210,3011210,0,
3011211,3011211,0,
3011213,3011213,0,
3011220,3011220,0,
3011221,3011221,0,
3011222,3011222,0,
3011223,3011223,0,
3011230,3011230,0,
3011232,3011232,0,
3011233,3011233,0,
3011236,3011236,0,
3011237,3011237,0,
3011310,3011310,0,
3011320,3011320,0,
3011321,3011321,0,
3011327,3011327,0,
3011330,3011330,0,
3011332,3011332,0,
3011335,3011335,0,
3011336,3011336,0,
3011400,3011400,0,
3011401,3011401,0,
3011402,3011402,0,
3011405,3011405,0,
3011407,3011407,0,
3011410,3011410,0,
3011411,3011411,0,
3011412,3011412,0,
3011415,3011415,0,
3011417,3011417,0,
3011421,3011421,0,
3011422,3011422,0,
3011425,3011425,0,
3011430,3011430,0,
3011437,3011437,0,
3011438,3011438,0,
3011439,3011439,0,
3011440,3011440,0,
3011441,3011441,0,
3011442,3011442,0,
3011443,3011443,0,
3011444,3011444,0,
3011450,3011450,0,
3011451,3011451,0,
3011452,3011452,0,
3011453,3011453,0,
3011454,3011454,0,
3011455,3011455,0,
3011456,3011456,0,
3011457,3011457,0,
3011458,3011458,0,
3011459,3011459,0,
3011465,3011465,0,
3011466,3011466,0,
3011468,3011468,0,
3011472,3011472,0,
3011473,3011473,0,
3011474,3011474,0,
3011475,3011475,0,
3011476,3011476,0,
3011477,3011477,0,
3011490,3011490,0,
3011510,3011510,0,
3011511,3011511,0,
3011513,3011513,0,
3011520,3011520,0,
3011521,3011521,0,
3011522,3011522,0,
3011523,3011523,0,
3011525,3011525,0,
3011526,3011526,0,
3011527,3011527,0,
3011530,3011530,0,
3011531,3011531,0,
3011540,3011540,0,
3011542,3011542,0,
3011543,3011543,0,
3011546,3011546,0,
3011547,3011547,0,
3011551,3011551,0,
3011552,3011552,0,
3011554,3011554,0,
3011561,3011561,0,
3011571,3011571,0,
3011572,3011572,0,
3011574,3011574,0,
3011575,3011575,0,
3011576,3011576,0,
3011578,3011578,0,
3011581,3011581,0,
3011584,3011584,0,
3011610,3011610,0,
3011611,3011611,0,
3011612,3011612,0,
3011614,3011614,0,
3011615,3011615,0,
3011616,3011616,0,
3011617,3011617,0,
3011619,3011619,0,
3011620,3011620,0,
3011621,3011621,0,
3011623,3011623,0,
3011624,3011624,0,
3011626,3011626,0,
3011627,3011627,0,
3011630,3011630,0,
3011631,3011631,0,
3011635,3011635,0,
3011641,3011641,0,
3011643,3011643,0,
3011651,3011651,0,
3011652,3011652,0,
3011653,3011653,0,
3011654,3011654,0,
3011655,3011655,0,
3011656,3011656,0,
3011659,3011659,0,
3011665,3011665,0,
3011667,3011667,0,
3011668,3011668,0,
3011677,3011677,0,
3011710,3011710,0,
3011711,3011711,0,
3011714,3011714,0,
3011715,3011715,0,
3011716,3011716,0,
3011717,3011717,0,
3011720,3011720,0,
3011721,3011721,0,
3011722,3011722,0,
3011723,3011723,0,
3011724,3011724,0,
3011725,3011725,0,
3011730,3011730,0,
3011731,3011731,0,
3011734,3011734,0,
3011741,3011741,0,
3011743,3011743,0,
3011745,3011745,0,
3011751,3011751,0,
3011752,3011752,0,
3011756,3011756,0,
3011757,3011757,0,
3011760,3011760,0,
3011762,3011762,0,
3011763,3011763,0,
3011765,3011765,0,
3011775,3011775,0,
3011810,3011810,0,
3011812,3011812,0,
3011815,3011815,0,
3011817,3011817,0,
3011827,3011827,0,
3011910,3011910,0,
3011913,3011913,0,
3011914,3011914,0,
3011920,3011920,0,
3011921,3011921,0,
3011922,3011922,0,
3011923,3011923,0,
3011924,3011924,0,
3011925,3011925,0,
3011926,3011926,0,
3011930,3011930,0,
3011931,3011931,0,
3011932,3011932,0,
3011933,3011933,0,
3011940,3011940,0,
3011941,3011941,0,
3011942,3011942,0,
3011943,3011943,0,
3011944,3011944,0,
3011950,3011950,0,
3011952,3011952,0,
3011956,3011956,0,
3011961,3011961,0,
3011965,3011965,0,
3011971,3011971,0,
3011972,3011972,0,
3011974,3011974,0,
3011975,3011975,0,
3011976,3011976,0,
3011977,3011977,0,
3011978,3011978,0,
3012000,3012000,0,
3012001,3012001,0,
3012003,3012003,0,
3012005,3012005,0,
3012006,3012006,0,
3012007,3012007,0,
3012010,3012010,0,
3012011,3012011,0,
3012012,3012012,0,
3012020,3012020,0,
3012022,3012022,0,
3012024,3012024,0,
3012025,3012025,0,
3012030,3012030,0,
3012031,3012031,0,
3012033,3012033,0,
3012035,3012035,0,
3012040,3012040,0,
3012041,3012041,0,
3012043,3012043,0,
3012045,3012045,0,
3012046,3012046,0,
3012047,3012047,0,
3012060,3012060,0,
3012061,3012061,0,
3012064,3012064,0,
3012065,3012065,0,
3012066,3012066,0,
3012067,3012067,0,
3012068,3012068,0,
3012070,3012070,0,
3012071,3012071,0,
3012072,3012072,0,
3012076,3012076,0,
3012077,3012077,0,
3012080,3012080,0,
3012081,3012081,0,
3012086,3012086,0,
3012100,3012100,0,
3012101,3012101,0,
3012102,3012102,0,
3012103,3012103,0,
3012104,3012104,0,
3012105,3012105,0,
3012106,3012106,0,
3012111,3012111,0,
3012112,3012112,0,
3012113,3012113,0,
3012120,3012120,0,
3012121,3012121,0,
3012122,3012122,0,
3012123,3012123,0,
3012126,3012126,0,
3012127,3012127,0,
3012130,3012130,0,
3012131,3012131,0,
3012134,3012134,0,
3012135,3012135,0,
3012140,3012140,0,
3012141,3012141,0,
3012145,3012145,0,
3012146,3012146,0,
3012147,3012147,0,
3012150,3012150,0,
3012151,3012151,0,
3012153,3012153,0,
3012158,3012158,0,
3012161,3012161,0,
3012162,3012162,0,
3012163,3012163,0,
3012164,3012164,0,
3012165,3012165,0,
3012181,3012181,0,
3012191,3012191,0,
3012210,3012210,0,
3012211,3012211,0,
3012212,3012212,0,
3012213,3012213,0,
3012215,3012215,0,
3012220,3012220,0,
3012221,3012221,0,
3012224,3012224,0,
3012230,3012230,0,
3012231,3012231,0,
3012233,3012233,0,
3012234,3012234,0,
3012235,3012235,0,
3012237,3012237,0,
3012240,3012240,0,
3012245,3012245,0,
3012246,3012246,0,
3012260,3012260,0,
3012265,3012265,0,
3012266,3012266,0,
3012270,3012270,0,
3012271,3012271,0,
3012280,3012280,0,
3012290,3012290,0,
3012291,3012291,0,
3012295,3012295,0,
3012297,3012297,0,
3012305,3012305,0,
3012307,3012307,0,
3012310,3012310,0,
3012311,3012311,0,
3012313,3012313,0,
3012314,3012314,0,
3012315,3012315,0,
3012316,3012316,0,
3012317,3012317,0,
3012318,3012318,0,
3012320,3012320,0,
3012321,3012321,0,
3012322,3012322,0,
3012323,3012323,0,
3012324,3012324,0,
3012325,3012325,0,
3012326,3012326,0,
3012330,3012330,0,
3012331,3012331,0,
3012340,3012340,0,
3012345,3012345,0,
3012349,3012349,0,
3012350,3012350,0,
3012360,3012360,0,
3012362,3012362,0,
3012365,3012365,0,
3012366,3012366,0,
3012367,3012367,0,
3012370,3012370,0,
3012375,3012375,0,
3012380,3012380,0,
3012385,3012385,0,
3012390,3012390,0,
3012410,3012410,0,
3012411,3012411,0,
3012416,3012416,0,
3012425,3012425,0,
3012429,3012429,0,
3012430,3012430,0,
3012431,3012431,0,
3012433,3012433,0,
3012434,3012434,0,
3012435,3012435,0,
3012442,3012442,0,
3012450,3012450,0,
3012451,3012451,0,
3012452,3012452,0,
3012456,3012456,0,
3012466,3012466,0,
3012467,3012467,0,
3012470,3012470,0,
3012472,3012472,0,
3012474,3012474,0,
3012475,3012475,0,
3012476,3012476,0,
3012480,3012480,0,
3012501,3012501,0,
3012502,3012502,0,
3012503,3012503,0,
3012504,3012504,0,
3012505,3012505,0,
3012507,3012507,0,
3012510,3012510,0,
3012511,3012511,0,
3012520,3012520,0,
3012530,3012530,0,
3012533,3012533,0,
3012540,3012540,0,
3012541,3012541,0,
3012542,3012542,0,
3012544,3012544,0,
3012545,3012545,0,
3012547,3012547,0,
3012549,3012549,0,
3012551,3012551,0,
3012552,3012552,0,
3012553,3012553,0,
3012556,3012556,0,
3012560,3012560,0,
3012561,3012561,0,
3012562,3012562,0,
3012565,3012565,0,
3012566,3012566,0,
3012567,3012567,0,
3012575,3012575,0,
3012576,3012576,0,
3012577,3012577,0,
3012580,3012580,0,
3012583,3012583,0,
3012584,3012584,0,
3012585,3012585,0,
3012590,3012590,0,
3012591,3012591,0,
3012609,3012609,0,
3012610,3012610,0,
3012620,3012620,0,
3012621,3012621,0,
3012630,3012630,0,
3012640,3012640,0,
3012641,3012641,0,
3012650,3012650,0,
3015660,3015660,0,
3016567,3016567,0,
3017016,3017016,0,
3017082,3017082,0,
4022039,4022039,0,
4023609,4023609,0,
4023610,4023610,0,
4023614,4023614,0,
4023621,4023621,0,
4023622,4023622,0,
4023630,4023630,0,
4023730,4023730,0,
4023933,4023933,0,
4023936,4023936,0,
4023948,4023948,0,
4023994,4023994,0,
4024050,4024050,0,
4024057,4024057,0,
4024221,4024221,0,
4024222,4024222,0,
4024223,4024223,0,
4024224,4024224,0,
4024401,4024401,0,
4024445,4024445,0,
4024700,4024700,0,
4024702,4024702,0,
4024710,4024710,0,
4024724,4024724,0,
4024729,4024729,0,
4024759,4024759,0,
4024771,4024771,0,
4024782,4024782,0,
4029999,4029999,0,
4030100,4030100,0,
4030103,4030103,0,
4030104,4030104,0,
4030109,4030109,0,
4030110,4030110,0,
4030115,4030115,0,
4030116,4030116,0,
4030121,4030121,0,
4030122,4030122,0,
4030220,4030220,0,
4030221,4030221,0,
4030281,4030281,0,
4030284,4030284,0,
4032233,4032233,0,
4032234,4032234,0,
4120255,4120255,0,
4120325,4120325,0,
4120326,4120326,0,
4120509,4120509,0,
4120700,4120700,0,
4121323,4121323,0,
4121491,4121491,0,
4121816,4121816,0,
4121848,4121848,0,
4127160,4127160,0,
4151065,4151065,0,
4151066,4151066,0,
4170167,4170167,0,
4170168,4170168,0,
4171400,4171400,0,
4171446,4171446,0,
4183712,4183712,0,
4184597,4184597,0,
4184655,4184655,0,
4193668,4193668,0,
4193683,4193683,0,
4193684,4193684,0,
4193685,4193685,0,
4194319,4194319,0,
4194331,4194331,0,
4194356,4194356,0,
4194357,4194357,0,
4194360,4194360,0,
4194374,4194374,0,
4204130,4204130,0,
4204138,4204138,0,
4204139,4204139,0,
4204144,4204144,0,
4204165,4204165,0,
4204166,4204166,0,
4204167,4204167,0,
4204173,4204173,0,
4204175,4204175,0,
4204198,4204198,0,
4204227,4204227,0,
4204237,4204237,0,
4204241,4204241,0,
4204270,4204270,0,
4232074,4232074,0,
4233582,4233582,0,
4233598,4233598,0,
4233601,4233601,0,
4233889,4233889,0,
4233955,4233955,0,
4233958,4233958,0,
4250001,4250001,0,
4253444,4253444,0,
4253476,4253476,0,
4253482,4253482,0,
4253568,4253568,0,
4253576,4253576,0,
4253577,4253577,0,
4253580,4253580,0,
4253581,4253581,0,
4253772,4253772,0,
4253783,4253783,0,
4253784,4253784,0,
4253830,4253830,0,
4253873,4253873,0,
4263286,4263286,0,
4263540,4263540,0,
4263541,4263541,0,
4263542,4263542,0,
4263550,4263550,0,
4273001,4273001,0,
4273007,4273007,0,
4273019,4273019,0,
4273020,4273020,0,
4273025,4273025,0,
4273076,4273076,0,
4273116,4273116,0,
4273117,4273117,0,
4273256,4273256,0,
4273310,4273310,0,
4273317,4273317,0,
4273322,4273322,0,
4273335,4273335,0,
4273338,4273338,0,
4273341,4273341,0,
4273379,4273379,0,
4273512,4273512,0,
4273524,4273524,0,
4274019,4274019,0,
4274055,4274055,0,
4275037,4275037,0,
4275600,4275600,0,
4275601,4275601,0,
4277011,4277011,0,
4278011,4278011,0,
4286227,4286227,0,
4297500,4297500,0,
4308336,4308336,0,
4308435,4308435,0,
4308474,4308474,0,
4308475,4308475,0,
4308506,4308506,0,
4328596,4328596,0,
4328618,4328618,0,
4328629,4328629,0,
4328647,4328647,0,
4328667,4328667,0,
4347000,4347000,0,
4347009,4347009,0,
4347062,4347062,0,
4347105,4347105,0,
4368980,4368980,0,
4378000,4378000,0,
4388072,4388072,0,
4388185,4388185,0,
4398203,4398203,0,
4398224,4398224,0,
4398231,4398231,0,
4419010,4419010,0,
4419015,4419015,0,
4419021,4419021,0,
5010102,5010102,0,
5010103,5010103,0,
5010106,5010106,0,
5010141,5010141,0,
5010202,5010202,0,
5010214,5010214,0,
5010226,5010226,0,
5010228,5010228,0,
5010233,5010233,0,
5010302,5010302,0,
5010305,5010305,0,
5010313,5010313,0,
5010317,5010317,0,
5010318,5010318,0,
5010320,5010320,0,
5010323,5010323,0,
5010341,5010341,0,
5010370,5010370,0,
5010502,5010502,0,
5010514,5010514,0,
5010517,5010517,0,
5010520,5010520,0,
5010523,5010523,0,
5010530,5010530,0,
5010531,5010531,0,
5010533,5010533,0,
5010554,5010554,0,
5010572,5010572,0,
5010576,5010576,0,
5010577,5010577,0,
5010601,5010601,0,
5010605,5010605,0,
5010606,5010606,0,
5010607,5010607,0,
5010609,5010609,0,
5010610,5010610,0,
5010612,5010612,0,
5010613,5010613,0,
5010614,5010614,0,
5010623,5010623,0,
5010701,5010701,0,
5010702,5010702,0,
5010718,5010718,0,
5010722,5010722,0,
5010725,5010725,0,
5010744,5010744,0,
5010753,5010753,0,
5010757,5010757,0,
5010772,5010772,0,
5010773,5010773,0,
5010776,5010776,0,
5010782,5010782,0,
5010784,5010784,0,
5010789,5010789,0,
5010997,5010997,0,
5020111,5020111,0,
5020114,5020114,0,
5020116,5020116,0,
5020170,5020170,0,
5020215,5020215,0,
5020229,5020229,0,
5020242,5020242,0,
5020247,5020247,0,
5020250,5020250,0,
5020254,5020254,0,
5020259,5020259,0,
5020261,5020261,0,
5020264,5020264,0,
5020267,5020267,0,
5020269,5020269,0,
5020271,5020271,0,
5020285,5020285,0,
5020324,5020324,0,
5020375,5020375,0,
5020377,5020377,0,
5020403,5020403,0,
5020410,5020410,0,
5020415,5020415,0,
5020501,5020501,0,
5020602,5020602,0,
5020608,5020608,0,
5020614,5020614,0,
5020643,5020643,0,
5020704,5020704,0,
5020738,5020738,0,
5020782,5020782,0,
5020794,5020794,0,
5020800,5020800,0,
5020804,5020804,0,
5020805,5020805,0,
5020807,5020807,0,
5020811,5020811,0,
5020828,5020828,0,
5020911,5020911,0,
5020917,5020917,0,
5020929,5020929,0,
5020932,5020932,0,
5020934,5020934,0,
5020943,5020943,0,
5020944,5020944,0,
5020945,5020945,0,
5020953,5020953,0,
5020961,5020961,0,
5020962,5020962,0,
5020971,5020971,0,
5020997,5020997,0,
5020999,5020999,0,
5110102,5110102,0,
5110104,5110104,0,
5110105,5110105,0,
5110211,5110211,0,
5110230,5110230,0,
5110237,5110237,0,
5120102,5120102,0,
5120105,5120105,0,
5120124,5120124,0,
5120216,5120216,0,
5120217,5120217,0,
5120226,5120226,0,
5120257,5120257,0,
5130101,5130101,0,
5130251,5130251,0,
5130253,5130253,0,
5130254,5130254,0,
5130257,5130257,0,
5140105,5140105,0,
5140106,5140106,0,
5140111,5140111,0,
5140115,5140115,0,
5140149,5140149,0,
5140210,5140210,0,
5140247,5140247,0,
5150105,5150105,0,
5150112,5150112,0,
5150118,5150118,0,
5150190,5150190,0,
5150218,5150218,0,
5160121,5160121,0,
5160132,5160132,0,
5160150,5160150,0,
5160204,5160204,0,
5160219,5160219,0,
5160304,5160304,0,
5160320,5160320,0,
5160408,5160408,0,
5160409,5160409,0,
5160412,5160412,0,
5160432,5160432,0,
5160439,5160439,0,
5160443,5160443,0,
5170111,5170111,0,
5170121,5170121,0,
5170132,5170132,0,
5170141,5170141,0,
5170204,5170204,0,
5170228,5170228,0,
5170243,5170243,0,
5170247,5170247,0,
5170303,5170303,0,
5170320,5170320,0,
5170322,5170322,0,
5190103,5190103,0,
5190109,5190109,0,
5190111,5190111,0,
5190126,5190126,0,
5190130,5190130,0,
5190137,5190137,0,
5190143,5190143,0,
5190144,5190144,0,
5190215,5190215,0,
5190230,5190230,0,
5200104,5200104,0,
5200151,5200151,0,
5200233,5200233,0,
5200262,5200262,0,
5200266,5200266,0,
5200270,5200270,0,
5210106,5210106,0,
5210110,5210110,0,
5210111,5210111,0,
5210113,5210113,0,
5210122,5210122,0,
5210147,5210147,0,
5210159,5210159,0,
5210160,5210160,0,
5210207,5210207,0,
5210209,5210209,0,
5210213,5210213,0,
5210217,5210217,0,
5210233,5210233,0,
5210238,5210238,0,
5210252,5210252,0,
5210254,5210254,0,
5210302,5210302,0,
5220025,5220025,0,
5220103,5220103,0,
5220117,5220117,0,
5220118,5220118,0,
5220120,5220120,0,
5220153,5220153,0,
5220192,5220192,0,
5220200,5220200,0,
5220250,5220250,0,
5220309,5220309,0,
5220356,5220356,0,
5280106,5280106,0,
5280109,5280109,0,
5280114,5280114,0,
5280122,5280122,0,
5280136,5280136,0,
5280145,5280145,0,
5280236,5280236,0,
5280237,5280237,0,
5280241,5280241,0,
5280304,5280304,0,
5280314,5280314,0,
5280321,5280321,0,
5280503,5280503,0,
5280508,5280508,0,
5280509,5280509,0,
5280574,5280574,0,
5290105,5290105,0,
5290111,5290111,0,
5290114,5290114,0,
5290128,5290128,0,
5290132,5290132,0,
5290139,5290139,0,
5290140,5290140,0,
5290207,5290207,0,
5290210,5290210,0,
5290211,5290211,0,
5290302,5290302,0,
5290305,5290305,0,
5290313,5290313,0,
5290317,5290317,0,
5290323,5290323,0,
5290334,5290334,0,
5290335,5290335,0,
5290337,5290337,0,
5290338,5290338,0,
5290395,5290395,0,
5290405,5290405,0,
5290448,5290448,0,
5290459,5290459,0,
5290460,5290460,0,
5290502,5290502,0,
5290505,5290505,0,
5290514,5290514,0,
5320104,5320104,0,
5320134,5320134,0,
5320154,5320154,0,
5320203,5320203,0,
5320204,5320204,0,
5320209,5320209,0,
5320210,5320210,0,
5320211,5320211,0,
5320303,5320303,0,
5330108,5330108,0,
5330109,5330109,0,
5330112,5330112,0,
5330119,5330119,0,
5330149,5330149,0,
5330156,5330156,0,
5330158,5330158,0,
5330198,5330198,0,
5330199,5330199,0,
5330201,5330201,0,
5330203,5330203,0,
5330209,5330209,0,
5330212,5330212,0,
5330214,5330214,0,
5330228,5330228,0,
5330236,5330236,0,
5330268,5330268,0,
5330304,5330304,0,
5330305,5330305,0,
5330308,5330308,0,
5330309,5330309,0,
5330312,5330312,0,
5330533,5330533,0,
5340101,5340101,0,
5340103,5340103,0,
5340122,5340122,0,
5340126,5340126,0,
5340136,5340136,0,
5340202,5340202,0,
5340215,5340215,0,
5340216,5340216,0,
5340221,5340221,0,
5340238,5340238,0,
5340306,5340306,0,
5340307,5340307,0,
5340313,5340313,0,
5340321,5340321,0,
5340353,5340353,0,
5340405,5340405,0,
5340409,5340409,0,
5340414,5340414,0,
5340415,5340415,0,
5340418,5340418,0,
5340423,5340423,0,
5340431,5340431,0,
5340434,5340434,0,
5340452,5340452,0,
5340499,5340499,0,
5340503,5340503,0,
5340504,5340504,0,
5340506,5340506,0,
5340542,5340542,0,
5340554,5340554,0,
5340604,5340604,0,
5340615,5340615,0,
5340616,5340616,0,
5340617,5340617,0,
5340626,5340626,0,
5340942,5340942,0,
5360104,5360104,0,
5360115,5360115,0,
5360208,5360208,0,
5360222,5360222,0,
5360232,5360232,0,
5360306,5360306,0,
5360308,5360308,0,
5360309,5360309,0,
5360341,5360341,0,
5360516,5360516,0,
5380102,5380102,0,
5380110,5380110,0,
5380111,5380111,0,
5380134,5380134,0,
5380216,5380216,0,
5380284,5380284,0,
5380290,5380290,0,
5380311,5380311,0,
5380317,5380317,0,
5380320,5380320,0,
5380324,5380324,0,
5380328,5380328,0,
5380392,5380392,0,
5380395,5380395,0,
5400103,5400103,0,
5400216,5400216,0,
5400237,5400237,0,
5410103,5410103,0,
5410106,5410106,0,
5410130,5410130,0,
5410133,5410133,0,
5410202,5410202,0,
5410503,5410503,0,
5410505,5410505,0,
5420103,5420103,0,
5420108,5420108,0,
5420144,5420144,0,
5420205,5420205,0,
5420209,5420209,0,
5420223,5420223,0,
5420251,5420251,0,
5420264,5420264,0,
5420271,5420271,0,
5420319,5420319,0,
5420366,5420366,0,
5430102,5430102,0,
5430103,5430103,0,
5430114,5430114,0,
5430115,5430115,0,
5430139,5430139,0,
5430206,5430206,0,
5430304,5430304,0,
5430336,5430336,0,
5430337,5430337,0,
5440103,5440103,0,
5440106,5440106,0,
5440203,5440203,0,
5440237,5440237,0,
5440245,5440245,0,
5450102,5450102,0,
5450116,5450116,0,
5450122,5450122,0,
5450155,5450155,0,
5450176,5450176,0,
5450180,5450180,0,
6021001,6021001,0,
6021002,6021002,0,
6021003,6021003,0,
6021004,6021004,0,
6021035,6021035,0,
6022125,6022125,0,
6022290,6022290,0,
6022292,6022292,0,
6022525,6022525,0,
6022606,6022606,0,
6024155,6024155,0,
6026008,6026008,0,
6026015,6026015,0,
6026020,6026020,0,
6040001,6040001,0,
6040040,6040040,0,
6040300,6040300,0,
6040535,6040535,0,
6040660,6040660,0,
6040670,6040670,0,
6041774,6041774,0,
6050001,6050001,0,
6050920,6050920,0,
6051040,6051040,0,
6053270,6053270,0,
6056060,6056060,0,
6056120,6056120,0,
6058100,6058100,0,
6059070,6059070,0,
6121170,6121170,0,
6121175,6121175,0,
6121220,6121220,0,
6121222,6121222,0,
6121420,6121420,0,
6150160,6150160,0,
6150170,6150170,0,
6160060,6160060,0,
6160160,6160160,0,
6160610,6160610,0,
6170095,6170095,0,
6170120,6170120,0,
6190050,6190050,0,
6190070,6190070,0,
6191211,6191211,0,
6191230,6191230,0,
6200110,6200110,0,
6200260,6200260,0,
6200580,6200580,0,
6200620,6200620,0,
6211024,6211024,0,
6223420,6223420,0,
6223500,6223500,0,
6230010,6230010,0,
6230190,6230190,0,
6240130,6240130,0,
6240520,6240520,0,
6241004,6241004,0,
6243331,6243331,0,
6250050,6250050,0,
6250120,6250120,0,
6260260,6260260,0,
6260300,6260300,0,
6260994,6260994,0,
6267007,6267007,0,
6270080,6270080,0,
6271030,6271030,0,
6271090,6271090,0,
6271100,6271100,0,
6271120,6271120,0,
6271130,6271130,0,
6271240,6271240,0,
6271280,6271280,0,
6271480,6271480,0,
6271527,6271527,0,
6271600,6271600,0,
6279211,6279211,0,
6280090,6280090,0,
6280100,6280100,0,
6280250,6280250,0,
6280260,6280260,0,
6280270,6280270,0,
6280350,6280350,0,
6280410,6280410,0,
6280450,6280450,0,
6280690,6280690,0,
6280800,6280800,0,
6282180,6282180,0,
7281811,7281811,0,
12010001,12010001,0,
12011204,12011204,0,
12014200,12014200,0,
12355401,12355401,0,
12355710,12355710,0,
12356023,12356023,0,
12514709,12514709,0,
12515004,12515004,0,
14215261,14215261,0,
14215297,14215297,0,
14215408,14215408,0,
14225535,14225535,0,
14225631,14225631,0,
16011260,16011260,0,
16353349,16353349,0,
16358884,16358884,0,
16403600,16403600,0,
16409040,16409040,0,
1016175,1016435,2,180
1016205,1016240,2,300
1016225,1016230,2,300
1016230,1016225,2,300
1016435,1016175,2,180
1040110,1040450,2,660
1040421,1040651,2,120
1040450,1040110,2,660
1040450,1040650,2,120
1040450,1040652,2,900
1040450,1041000,2,420
1040461,1040465,2,120
1040461,1040495,2,600
1040465,1040461,2,120
1040480,1040482,2,60
1040482,1040480,2,60
1040495,1040461,2,600
1040650,1040450,2,120
1040651,1040421,2,120
1040652,1040450,2,900
1040652,1040660,2,300
1040660,1040652,2,300
1041000,1040110,2,600
1041000,1040450,2,420
1052025,1054190,2,900
1052030,1052610,2,180
1052300,1052301,2,180
1052300,1052310,2,180
1052301,1052300,2,180
1052310,1052300,2,180
1052310,1053760,2,300
1052340,1052341,2,600
1052341,1052340,2,600
1052565,1053820,2,180
1052565,1053831,2,900
1052610,1052030,2,180
1053760,1052310,2,300
1053790,1053793,2,180
1053793,1053790,2,180
1053820,1052565,2,180
1053831,1052565,2,900
1053831,1053835,2,300
1053835,1053831,2,300
1054190,1052025,2,1200
1054220,1054686,2,300
1054685,1054686,2,180
1054686,1054220,2,300
1054686,1054685,2,180
1054686,1054725,2,900
1054725,1054686,2,900
1061895,1061896,2,600
1061895,1069901,2,180
1061896,1061895,2,600
1061896,1061910,2,300
1061896,1065885,2,300
1061896,1069901,2,600
1061910,1061896,2,300
1065630,1065655,2,300
1065655,1065630,2,300
1065885,1061896,2,300
1069901,1061895,2,180
1069901,1061896,2,600
1223280,1223285,2,300
1223285,1223280,2,300
1241890,1242295,2,600
1241890,1242765,2,300
1242295,1241890,2,600
1242760,1242765,2,60
1242765,1241890,2,300
1242765,1242760,2,60
1253135,1253170,2,300
1253145,1253170,2,600
1253170,1253135,2,300
1253170,1253145,2,600
1351190,1351195,2,300
1351195,1351190,2,300
1351230,1351240,2,300
1351240,1351230,2,300
1361115,1361141,2,240
1361141,1361115,2,240
2130200,2130201,2,360
2130200,2130203,2,780
2130201,2130200,2,360
2130203,2130200,2,780
2130301,2130308,2,120
2130308,2130301,2,120
2140024,2140201,2,360
2140031,2140040,2,480
2140040,2140031,2,480
2140201,2140024,2,360
2140220,2140221,2,180
2140221,2140220,2,180
2140248,2140250,2,300
2140248,2140251,2,240
2140250,2140248,2,300
2140251,2140248,2,240
2150552,2150554,2,300
2150554,2150552,2,300
2160006,2160007,2,360
2160007,2160006,2,360
2160012,2160060,2,360
2160060,2160012,2,360
2170101,2170102,2,180
2170102,2170101,2,180
2190001,3012547,2,120
2190001,3012551,2,240
2190001,3012552,2,120
2190001,3012553,2,360
2190008,2190009,2,120
2190009,2190008,2,120
2190017,2190018,2,480
2190018,2190017,2,480
2190023,2190025,2,420
2190025,2190023,2,420
2190048,2190050,2,240
2190048,2190051,2,300
2190050,2190048,2,240
2190050,2190051,2,240
2190051,2190048,2,300
2190051,2190050,2,240
2190070,2190071,2,60
2190071,2190070,2,60
2190080,2195136,2,180
2190084,2190090,2,240
2190090,2190084,2,240
2190090,2190091,2,60
2190091,2190090,2,60
2190148,2190149,2,180
2190148,2190150,2,60
2190149,2190148,2,180
2190149,2190150,2,120
2190150,2190148,2,60
2190150,2190149,2,120
2190180,2190181,2,360
2190181,2190180,2,360
2190201,2190205,2,300
2190205,2190201,2,300
2190245,2190205,2,360
2190255,2190275,2,360
2190280,2190281,2,360
2190281,2190280,2,360
2190322,2190355,2,180
2190355,2190322,2,180
2190398,2190401,2,360
2190401,2190398,2,360
2190430,2190432,2,120
2190432,2190430,2,120
2190440,2190441,2,360
2190441,2190440,2,360
2190450,2190451,2,120
2190451,2190450,2,120
2190475,2190526,2,360
2190526,2190475,2,360
2190820,2190822,2,540
2190822,2190820,2,540
2195136,2190080,2,180
2200730,2200731,2,360
2200731,2200730,2,360
2200749,2200751,2,360
2200751,2200749,2,360
2200830,2200831,2,120
2200831,2200830,2,120
2210219,2210220,2,120
2210220,2210219,2,120
2260144,2260146,2,120
2260146,2260144,2,120
2270120,2270121,2,120
2280421,2280426,2,180
2280426,2280421,2,180
2300011,2300012,2,300
2300011,2300015,2,300
2300012,2300011,2,300
2300012,2300015,2,120
2300015,2300011,2,300
2300015,2300012,2,120
2300060,2300315,2,480
2300060,2300430,2,540
2300306,2300320,2,600
2300315,2300060,2,480
2300315,2300317,2,180
2300317,2300315,2,180
2300320,2300306,2,600
2300430,2300060,2,540
2300435,2300439,2,60
2300439,2300435,2,60
2300500,2300510,2,360
2300510,2300500,2,360
2310080,2310101,2,180
2310101,2310080,2,180
2310205,2310310,2,480
2310212,2310313,2,180
2310306,2310305,2,60
2310310,2310205,2,480
2310310,2310315,2,180
2310313,2310212,2,180
2310315,2310310,2,180
2330138,2330139,2,240
2330139,2330138,2,240
2350131,2350192,2,360
2350192,2350131,2,360
2360226,2360230,2,120
2360230,2360226,2,120
2360318,2360802,2,660
2360540,2360547,2,360
2360547,2360540,2,360
2360802,2360318,2,660
2370551,2370646,2,360
2370646,2370551,2,360
2380307,2380354,2,480
2380354,2380307,2,480
2390256,2390270,2,180
2390270,2390256,2,180
3010005,3010006,2,420
3010005,3010011,2,480
3010005,3010012,2,420
3010005,3010013,2,360
3010005,3017016,2,60
3010006,3010005,2,420
3010006,3010011,2,660
3010006,3010012,2,720
3010006,3010013,2,600
3010011,3010005,2,480
3010011,3010006,2,660
3010011,3010012,2,180
3010011,3010013,2,120
3010011,3010062,2,300
3010011,3010618,2,300
3010011,3010619,2,300
3010012,3010005,2,420
3010012,3010006,2,720
3010012,3010011,2,180
3010012,3010013,2,120
3010012,3010062,2,240
3010013,3010005,2,360
3010013,3010006,2,600
3010013,3010011,2,120
3010013,3010012,2,60
3010013,3010062,2,300
3010013,3010619,2,420
3010017,3010050,2,360
3010017,3010051,2,360
3010020,3010025,2,360
3010020,3010052,2,300
3010020,3010053,2,360
3010025,3010020,2,360
3010031,3010032,2,60
3010031,3010036,2,300
3010031,3010038,2,300
3010031,3010042,2,360
3010031,3010044,2,600
3010031,3010047,2,300
3010031,3010049,2,600
3010031,3010076,2,600
3010031,3010077,2,660
3010032,3010031,2,60
3010032,3010036,2,240
3010032,3010038,2,240
3010032,3010042,2,360
3010032,3010044,2,480
3010032,3010049,2,480
3010032,3010076,2,420
3010032,3010077,2,540
3010036,3010031,2,300
3010036,3010032,2,240
3010036,3010047,2,180
3010038,3010031,2,240
3010038,3010032,2,180
3010042,3010031,2,360
3010042,3010032,2,360
3010042,3010044,2,180
3010042,3010045,2,120
3010042,3010046,2,180
3010042,3010047,2,120
3010042,3010049,2,240
3010042,3010076,2,120
3010044,3010031,2,600
3010044,3010032,2,480
3010044,3010042,2,180
3010044,3010045,2,180
3010044,3010047,2,300
3010044,3010049,2,180
3010044,3010076,2,180
3010044,3010090,2,540
3010045,3010042,2,180
3010045,3010044,2,120
3010045,3010049,2,120
3010045,3010076,2,240
3010046,3010042,2,180
3010046,3010047,2,360
3010046,3010049,2,300
3010046,3010076,2,420
3010047,3010036,2,180
3010047,3010042,2,120
3010047,3010044,2,300
3010047,3010045,2,240
3010047,3010046,2,360
3010047,3010049,2,300
3010047,3010076,2,240
3010048,3010050,2,120
3010048,3010051,2,120
3010048,3010054,2,120
3010049,3010031,2,660
3010049,3010032,2,540
3010049,3010042,2,240
3010049,3010044,2,180
3010049,3010045,2,120
3010049,3010046,2,300
3010049,3010047,2,300
3010049,3010076,2,240
3010049,3010090,2,480
3010050,3010048,2,120
3010050,3010051,2,60
3010050,3010054,2,120
3010051,3010048,2,120
3010051,3010050,2,60
3010052,3010020,2,300
3010052,3010053,2,60
3010053,3010020,2,360
3010053,3010052,2,60
3010054,3010050,2,120
3010057,3010059,2,120
3010059,3010057,2,120
3010062,3010011,2,300
3010062,3010012,2,240
3010062,3010013,2,300
3010065,3010066,2,120
3010065,3010067,2,300
3010065,3010610,2,360
3010065,3010619,2,480
3010066,3010065,2,120
3010066,3010067,2,180
3010067,3010065,2,300
3010067,3010066,2,180
3010076,3010031,2,600
3010076,3010032,2,420
3010076,3010042,2,120
3010076,3010044,2,180
3010076,3010045,2,240
3010076,3010046,2,420
3010076,3010047,2,240
3010076,3010049,2,240
3010077,3010031,2,660
3010077,3010032,2,540
3010082,3017082,2,120
3010090,3010044,2,540
3010090,3010049,2,480
3010093,3010126,2,360
3010095,3010120,2,900
3010105,3010110,2,360
3010110,3010105,2,360
3010110,3010112,2,120
3010111,3010112,2,180
3010112,3010110,2,120
3010112,3010111,2,180
3010120,3010095,2,900
3010126,3010093,2,360
3010155,3010162,2,900
3010155,3010163,2,600
3010155,3010164,2,180
3010162,3010155,2,900
3010163,3010155,2,600
3010164,3010155,2,180
3010171,3010176,2,900
3010176,3010171,2,900
3010200,3010201,2,180
3010200,3010202,2,180
3010200,3010203,2,120
3010200,3010206,2,240
3010200,3010217,2,480
3010201,3010200,2,180
3010201,3010202,2,180
3010201,3010203,2,120
3010201,3010206,2,180
3010201,3010217,2,360
3010201,3012305,2,780
3010202,3010200,2,180
3010202,3010201,2,180
3010202,3010203,2,240
3010202,3010206,2,180
3010203,3010200,2,180
3010203,3010201,2,120
3010203,3010202,2,240
3010203,3010206,2,180
3010203,3012305,2,660
3010206,3010200,2,240
3010206,3010201,2,180
3010206,3010202,2,180
3010206,3010203,2,180
3010212,3010213,2,180
3010212,3010231,2,480
3010213,3010212,2,180
3010217,3010200,2,480
3010217,3010201,2,360
3010231,3010212,2,480
3010233,3010234,2,120
3010234,3010233,2,120
3010311,3010312,2,120
3010312,3010311,2,120
3010320,3010321,2,180
3010320,3010322,2,120
3010321,3010320,2,180
3010321,3010322,2,180
3010321,3010323,2,240
3010322,3010320,2,120
3010322,3010321,2,180
3010322,3010323,2,180
3010340,3010341,2,180
3010341,3010340,2,180
3010342,3010343,2,180
3010342,3010347,2,180
3010343,3010342,2,180
3010343,3010347,2,180
3010345,3010346,2,120
3010346,3010345,2,120
3010347,3010342,2,120
3010347,3010343,2,180
3010370,3010371,2,60
3010371,3010370,2,60
3010405,3010406,2,120
3010406,3010405,2,120
3010407,3010527,2,480
3010410,3010412,2,180
3010412,3010410,2,180
3010434,3010527,2,180
3010443,3010445,2,240
3010445,3010443,2,240
3010510,3010511,2,300
3010511,3010510,2,300
3010511,3010512,2,180
3010512,3010511,2,180
3010514,3010510,2,420
3010519,3010520,2,120
3010519,3010521,2,300
3010520,3010519,2,120
3010520,3010521,2,240
3010521,3010519,2,300
3010521,3010520,2,240
3010527,3010407,2,480
3010527,3010434,2,180
3010531,3010510,2,420
3010600,3010601,2,240
3010600,3010602,2,180
3010600,3010605,2,360
3010601,3010600,2,240
3010601,3010604,2,240
3010602,3010600,2,180
3010604,3010601,2,240
3010605,3010600,2,360
3010610,3010065,2,360
3010613,3010614,2,120
3010614,3010613,2,120
3010617,3010618,2,120
3010617,3010619,2,180
3010618,3010011,2,300
3010618,3010617,2,120
3010618,3010619,2,180
3010619,3010011,2,300
3010619,3010065,2,480
3010619,3010617,2,180
3010619,3010618,2,180
3010620,3010621,2,300
3010620,3010622,2,180
3010621,3010620,2,300
3010622,3010620,2,180
3010622,3010623,2,120
3010624,3010625,2,60
3010625,3010624,2,60
3010640,3010641,2,120
3010641,3010640,2,120
3010662,3010663,2,120
3010663,3010662,2,120
3010664,3010665,2,240
3010665,3010664,2,240
3010733,3010734,2,240
3010733,3010755,2,60
3010734,3010733,2,240
3010735,3010736,2,600
3010736,3010735,2,600
3010740,3010741,2,240
3010741,3010740,2,240
3010755,3010733,2,60
3010763,3011202,2,60
3010763,3011203,2,60
3010770,3010771,2,240
3010770,3011001,2,0
3010771,3010770,2,240
3010771,3011001,2,240
3010780,3010781,2,60
3010781,3010780,2,60
3010840,3010841,2,120
3010841,3010840,2,120
3010855,3010862,2,480
3010860,3010861,2,240
3010861,3010860,2,240
3010862,3010855,2,480
3010866,3011146,2,360
3010870,3010871,2,180
3010871,3010870,2,180
3010925,3010927,2,360
3010927,3010925,2,360
3010932,3010933,2,60
3010933,3010932,2,60
3010950,3010951,2,0
3010951,3010950,2,0
3010959,3010995,2,600
3010960,3010961,2,420
3010960,3010962,2,120
3010960,3010968,2,360
3010961,3010968,2,240
3010962,3010960,2,180
3010962,3010968,2,180
3010963,3010950,2,360
3010968,3010960,2,300
3010968,3010961,2,180
3010968,3010962,2,180
3010975,3010976,2,360
3010976,3010975,2,360
3010990,3010991,2,120
3010995,3010959,2,600
3011001,3010770,2,0
3011001,3010771,2,240
3011010,3011011,2,120
3011010,3011012,2,180
3011010,3011015,2,420
3011011,3011010,2,120
3011011,3011012,2,180
3011012,3011010,2,180
3011012,3011011,2,180
3011014,3011015,2,240
3011015,3011010,2,420
3011015,3011014,2,240
3011020,3011021,2,120
3011020,3011032,2,360
3011021,3011020,2,120
3011030,3011031,2,120
3011031,3011030,2,120
3011032,3011020,2,360
3011110,3011111,2,120
3011110,3011114,2,360
3011110,3011116,2,240
3011111,3011110,2,120
3011114,3011110,2,360
3011116,3011110,2,240
3011120,3011121,2,120
3011120,3011126,2,120
3011121,3011120,2,120
3011121,3011126,2,120
3011126,3011120,2,120
3011126,3011121,2,120
3011130,3011131,2,120
3011131,3011130,2,120
3011140,3011141,2,60
3011141,3011140,2,60
3011146,3010866,2,360
3011200,3011201,2,180
3011200,3011202,2,120
3011200,3011203,2,300
3011201,3011200,2,180
3011201,3011202,2,240
3011201,3011203,2,300
3011201,3011205,2,300
3011202,3011200,2,120
3011202,3011201,2,240
3011202,3011203,2,180
3011203,3010763,2,60
3011203,3011200,2,300
3011203,3011201,2,300
3011203,3011202,2,180
3011205,3011200,2,300
3011205,3011201,2,300
3011210,3011211,2,120
3011210,3011213,2,300
3011211,3011210,2,120
3011211,3011213,2,300
3011213,3011210,2,300
3011213,3011211,2,300
3011220,3011221,2,120
3011221,3011220,2,120
3011222,3011223,2,180
3011223,3011222,2,180
3011310,3011321,2,720
3011310,3011510,2,540
3011320,3011321,2,120
3011320,3011327,2,360
3011321,3011310,2,720
3011321,3011320,2,120
3011327,3011320,2,360
3011330,3011332,2,180
3011332,3011330,2,180
3011400,3011401,2,240
3011400,3011402,2,240
3011400,3011417,2,120
3011401,3011400,2,240
3011401,3011402,2,120
3011402,3011400,2,240
3011402,3011401,2,120
3011410,3011411,2,120
3011410,3011412,2,120
3011411,3011410,2,120
3011411,3011412,2,120
3011412,3011410,2,120
3011412,3011411,2,120
3011417,3011400,2,120
3011437,3011438,2,360
3011438,3011437,2,360
3011438,3011439,2,180
3011439,3011440,2,120
3011439,3011441,2,240
3011440,3011439,2,120
3011440,3011441,2,120
3011440,3011442,2,180
3011441,3011440,2,120
3011441,3011442,2,60
3011442,3011440,2,180
3011442,3011441,2,60
3011450,3011451,2,180
3011451,3011450,2,180
3011452,3011454,2,240
3011453,3011454,2,180
3011454,3011452,2,240
3011454,3011453,2,180
3011455,3011456,2,60
3011455,3011459,2,180
3011456,3011455,2,60
3011456,3011458,2,180
3011458,3011456,2,180
3011458,3011459,2,60
3011459,3011455,2,180
3011459,3011458,2,60
3011465,3011466,2,360
3011466,3011465,2,360
3011472,3011473,2,180
3011473,3011472,2,180
3011474,3011475,2,360
3011474,3011476,2,360
3011475,3011474,2,360
3011476,3011474,2,360
3011510,3011310,2,540
3011510,3011511,2,180
3011510,3011513,2,360
3011511,3011510,2,180
3011511,3011513,2,360
3011513,3011510,2,360
3011513,3011511,2,360
3011520,3011521,2,120
3011520,3011522,2,180
3011520,3011523,2,240
3011521,3011520,2,120
3011521,3011522,2,240
3011521,3011523,2,240
3011522,3011520,2,180
3011522,3011521,2,240
3011522,3011523,2,120
3011523,3011520,2,240
3011523,3011521,2,240
3011523,3011522,2,120
3011526,3011554,2,120
3011530,3011531,2,60
3011531,3011530,2,60
3011540,3011652,2,360
3011540,3011653,2,420
3011551,3011552,2,120
3011552,3011551,2,120
3011554,3011526,2,120
3011571,3011656,2,240
3011575,3011576,2,240
3011576,3011575,2,240
3011610,3011611,2,120
3011611,3011610,2,120
3011616,3011615,2,0
3011616,3011617,2,180
3011617,3011615,2,120
3011617,3011616,2,120
3011619,3011615,2,300
3011619,3011616,2,300
3011619,3011617,2,300
3011620,3011621,2,180
3011620,3011623,2,540
3011621,3011620,2,180
3011623,3011620,2,540
3011630,3011631,2,300
3011630,3011635,2,780
3011631,3011630,2,300
3011635,3011630,2,780
3011651,3015660,2,240
3011652,3011540,2,360
3011653,3011540,2,420
3011654,3011655,2,120
3011655,3011654,2,120
3011655,3011656,2,180
3011656,3011571,2,240
3011656,3011655,2,180
3011659,3015660,2,600
3011710,3011711,2,360
3011711,3011710,2,360
3011714,3011734,2,360
3011715,3011716,2,240
3011716,3011715,2,240
3011720,3011721,2,120
3011720,3011722,2,240
3011721,3011720,2,120
3011721,3011722,2,120
3011722,3011720,2,240
3011722,3011721,2,120
3011730,3011731,2,180
3011730,3011745,2,480
3011731,3011730,2,180
3011731,3011745,2,480
3011734,3011714,2,360
3011745,3011730,2,480
3011745,3011731,2,480
3011756,3011757,2,360
3011757,3011756,2,360
3011765,3011775,2,120
3011775,3011765,2,120
3011810,3011815,2,480
3011810,3011817,2,420
3011812,3011810,2,480
3011815,3011810,2,480
3011817,3011810,2,420
3011910,3011913,2,240
3011910,3011914,2,420
3011913,3011910,2,240
3011914,3011910,2,420
3011920,3011921,2,240
3011920,3011922,2,540
3011921,3011920,2,360
3011922,3011920,2,540
3011922,3011923,2,120
3011922,3011924,2,360
3011923,3011922,2,120
3011924,3011922,2,360
3011925,3011926,2,360
3011926,3011925,2,360
3011930,3011931,2,0
3011930,3011932,2,180
3011931,3011930,2,60
3011932,3011930,2,180
3011940,3011941,2,120
3011940,3011942,2,240
3011940,3011944,2,120
3011941,3011940,2,120
3011941,3011942,2,120
3011941,3011943,2,480
3011941,3011944,2,120
3011942,3011940,2,240
3011942,3011941,2,120
3011943,3011941,2,480
3011944,3011940,2,120
3011944,3011941,2,120
3011976,3011977,2,300
3011977,3011976,2,300
3012000,3012001,2,120
3012001,3012000,2,120
3012020,3012035,2,300
3012030,3012031,2,120
3012031,3012030,2,120
3012035,3012020,2,300
3012040,3012041,2,300
3012041,3012040,2,300
3012043,3012045,2,120
3012045,3012043,2,120
3012060,3012061,2,120
3012060,3012067,2,120
3012060,3012068,2,120
3012061,3012060,2,120
3012061,3012067,2,120
3012061,3012068,2,120
3012065,3012066,2,360
3012066,3012065,2,360
3012067,3012060,2,120
3012067,3012061,2,120
3012067,3012068,2,120
3012068,3012060,2,120
3012068,3012061,2,120
3012068,3012067,2,120
3012080,3012081,2,120
3012081,3012080,2,120
3012100,3012101,2,180
3012101,3012100,2,180
3012101,3012103,2,240
3012102,3012103,2,180
3012102,3012104,2,180
3012102,3012105,2,240
3012102,3012106,2,180
3012103,3012102,2,180
3012103,3012104,2,240
3012103,3012105,2,240
3012103,3012106,2,240
3012104,3012102,2,180
3012104,3012103,2,240
3012104,3012105,2,240
3012104,3012106,2,240
3012105,3012102,2,240
3012105,3012103,2,240
3012105,3012104,2,180
3012105,3012106,2,240
3012106,3012102,2,180
3012106,3012103,2,240
3012106,3012104,2,240
3012106,3012105,2,240
3012111,3012112,2,180
3012111,3012113,2,60
3012112,3012111,2,180
3012112,3012113,2,180
3012113,3012111,2,60
3012113,3012112,2,180
3012120,3012121,2,120
3012120,3012122,2,240
3012120,3012123,2,240
3012121,3012120,2,120
3012121,3012122,2,60
3012121,3012123,2,120
3012122,3012120,2,240
3012122,3012121,2,60
3012122,3012123,2,60
3012123,3012120,2,240
3012123,3012121,2,120
3012123,3012122,2,60
3012126,3012135,2,360
3012130,3012131,2,120
3012130,3012134,2,240
3012131,3012130,2,120
3012131,3012134,2,180
3012134,3012130,2,240
3012134,3012131,2,180
3012135,3012126,2,360
3012140,3012141,2,120
3012141,3012140,2,120
3012150,3012151,2,120
3012150,3012181,2,240
3012151,3012150,2,120
3012151,3012181,2,120
3012161,3012162,2,240
3012162,3012161,2,240
3012163,3012164,2,120
3012164,3012163,2,120
3012181,3012150,2,240
3012181,3012151,2,120
3012210,3012211,2,120
3012210,3012212,2,360
3012210,3012215,2,420
3012211,3012210,2,120
3012211,3012212,2,180
3012211,3012215,2,180
3012212,3012210,2,360
3012212,3012211,2,180
3012212,3012213,2,240
3012212,3012215,2,180
3012213,3012212,2,240
3012213,3012215,2,120
3012215,3012210,2,420
3012215,3012211,2,300
3012215,3012212,2,180
3012215,3012213,2,120
3012220,3012221,2,120
3012221,3012220,2,120
3012230,3012231,2,180
3012231,3012230,2,180
3012233,3012234,2,300
3012234,3012233,2,300
3012245,3012246,2,300
3012246,3012245,2,300
3012260,3012265,2,300
3012265,3012260,2,300
3012270,3012271,2,300
3012271,3012270,2,300
3012290,3012291,2,180
3012291,3012290,2,180
3012305,3010201,2,780
3012305,3010203,2,660
3012305,3012307,2,120
3012307,3012305,2,120
3012310,3012311,2,60
3012311,3012310,2,60
3012314,3012317,2,180
3012315,3012316,2,60
3012315,3012318,2,120
3012316,3012315,2,60
3012316,3012318,2,120
3012317,3012314,2,180
3012318,3012315,2,120
3012318,3012316,2,120
3012320,3012321,2,120
3012320,3012322,2,180
3012320,3012324,2,480
3012321,3012320,2,120
3012322,3012320,2,180
3012322,3012324,2,360
3012324,3012320,2,480
3012324,3012322,2,360
3012325,3012326,2,60
3012326,3012325,2,60
3012330,3012331,2,60
3012331,3012330,2,60
3012331,3012340,2,600
3012331,3012345,2,420
3012340,3012331,2,600
3012345,3012331,2,420
3012349,3012350,2,360
3012350,3012349,2,360
3012360,3012366,2,60
3012362,3012416,2,240
3012365,3012367,2,60
3012366,3012360,2,60
3012367,3012365,2,60
3012380,3012480,2,720
3012410,3012411,2,60
3012416,3012362,2,240
3012430,3012431,2,0
3012430,3012433,2,420
3012431,3012430,2,0
3012431,3012433,2,420
3012433,3012430,2,420
3012433,3012431,2,420
3012450,3012451,2,60
3012450,3012452,2,120
3012451,3012450,2,60
3012451,3012452,2,120
3012452,3012450,2,120
3012452,3012451,2,120
3012475,3012476,2,60
3012476,3012475,2,60
3012480,3012380,2,720
3012501,3012502,2,180
3012501,3012503,2,360
3012501,3012505,2,240
3012502,3012501,2,180
3012502,3012503,2,360
3012502,3012505,2,240
3012503,3012501,2,240
3012503,3012502,2,360
3012504,3012501,2,420
3012504,3012503,2,180
3012505,3012501,2,240
3012505,3012502,2,240
3012510,3012511,2,60
3012511,3012510,2,60
3012520,3012583,2,540
3012540,3012541,2,0
3012541,3012540,2,0
3012549,3012551,2,120
3012551,2190001,2,360
3012551,3012549,2,120
3012551,3012552,2,180
3012551,3012553,2,120
3012552,2190001,2,240
3012552,3012547,2,120
3012552,3012551,2,180
3012552,3012553,2,300
3012553,2190001,2,360
3012553,3012551,2,120
3012560,3012561,2,60
3012561,3012560,2,60
3012565,3012566,2,180
3012565,3012567,2,120
3012565,3016567,2,240
3012566,3012565,2,180
3012566,3012567,2,180
3012566,3016567,2,180
3012567,3012565,2,120
3012567,3012566,2,180
3012567,3012576,2,420
3012567,3016567,2,240
3012576,3012567,2,420
3012583,3012520,2,540
3012590,3012591,2,480
3012591,3012590,2,480
3012640,3012641,2,300
3012641,3012640,2,300
3015660,3011651,2,240
3016567,3012565,2,240
3016567,3012566,2,180
3016567,3012567,2,240
3017016,3010005,2,60
3017082,3010082,2,120
4030103,4030104,2,60
4030104,4030103,2,60
4030109,4030110,2,60
4030110,4030109,2,60
4030115,4030116,2,60
4030116,4030115,2,60
4030121,4030122,2,60
4030122,4030121,2,60
4030220,4030221,2,60
4030221,4030220,2,60
4032233,4032234,2,60
4032234,4032233,2,60
4120325,4120326,2,180
4120326,4120325,2,180
4151065,4151066,2,60
4151066,4151065,2,60
4170167,4170168,2,60
4170168,4170167,2,60
4193683,4193685,2,300
4193685,4193683,2,300
4273019,4274019,2,120
4274019,4273019,2,120
4275600,4275601,2,60
4275601,4275600,2,60
5010102,5010103,2,360
5010103,5010102,2,360
5010141,5010305,2,600
5010226,5010623,2,60
5010228,5010233,2,120
5010233,5010228,2,120
5010305,5010141,2,600
5010317,5010318,2,120
5010317,5010370,2,120
5010318,5010317,2,120
5010370,5010317,2,120
5010502,5010530,2,60
5010514,5010609,2,240
5010517,5010572,2,180
5010520,5010531,2,120
5010520,5010577,2,120
5010530,5010502,2,60
5010531,5010520,2,120
5010531,5010577,2,120
5010533,5010576,2,60
5010572,5010517,2,180
5010576,5010533,2,60
5010577,5010520,2,120
5010577,5010531,2,120
5010601,5010773,2,420
5010605,5010612,2,120
5010605,5010614,2,180
5010606,5010607,2,240
5010607,5010606,2,240
5010609,5010514,2,240
5010612,5010605,2,120
5010612,5010614,2,240
5010614,5010605,2,180
5010614,5010612,2,240
5010623,5010226,2,60
5010725,5010773,2,120
5010744,5010789,2,120
5010753,5010772,2,60
5010772,5010753,2,60
5010773,5010601,2,420
5010773,5010725,2,120
5010773,5010784,2,240
5010784,5010773,2,240
5010789,5010744,2,120
5020116,5020267,2,60
5020170,5020934,2,120
5020215,5020324,2,180
5020242,5020271,2,180
5020242,5020324,2,120
5020242,5020501,2,240
5020259,5020285,2,480
5020261,5020415,2,60
5020267,5020116,2,60
5020271,5020242,2,180
5020271,5020324,2,180
5020285,5020259,2,480
5020324,5020215,2,180
5020324,5020242,2,120
5020324,5020271,2,180
5020375,5020929,2,180
5020375,5020999,2,180
5020377,5020410,2,120
5020377,5020911,2,120
5020410,5020377,2,120
5020410,5020911,2,120
5020415,5020261,2,60
5020501,5020242,2,240
5020643,5020943,2,180
5020794,5020800,2,60
5020800,5020794,2,60
5020807,5020811,2,120
5020811,5020807,2,120
5020911,5020377,2,120
5020911,5020410,2,120
5020929,5020375,2,180
5020929,5020999,2,60
5020934,5020170,2,120
5020943,5020643,2,180
5020999,5020375,2,180
5020999,5020929,2,60
5110102,5110237,2,60
5110104,5110105,2,60
5110105,5110104,2,60
5110237,5110102,2,60
5120226,5120257,2,120
5120257,5120226,2,120
5130253,5130257,2,60
5130257,5130253,2,60
5140105,5140247,2,60
5140247,5140105,2,60
5150112,5150190,2,840
5150190,5150112,2,840
5160320,5160439,2,240
5160408,5160432,2,960
5160409,5160432,2,360
5160412,5160443,2,120
5160432,5160408,2,960
5160432,5160409,2,360
5160439,5160320,2,240
5160443,5160412,2,120
5190103,5190144,2,60
5190111,5190126,2,120
5190126,5190111,2,120
5190144,5190103,2,60
5210106,5210302,2,420
5210110,5210147,2,240
5210147,5210110,2,240
5210147,5210160,2,240
5210160,5210147,2,240
5210213,5210254,2,60
5210254,5210213,2,60
5210302,5210106,2,420
5220025,5220250,2,120
5220103,5220192,2,480
5220117,5220118,2,60
5220118,5220117,2,60
5220192,5220103,2,480
5220250,5220025,2,120
5280145,5280574,2,60
5280574,5280145,2,60
5290139,5290140,2,120
5290140,5290139,2,120
5290207,5290211,2,120
5290211,5290207,2,120
5290302,5290323,2,840
5290302,5290334,2,840
5290302,5290459,2,60
5290305,5290395,2,120
5290323,5290302,2,840
5290323,5290334,2,300
5290334,5290302,2,840
5290334,5290323,2,300
5290337,5290338,2,120
5290338,5290337,2,120
5290395,5290305,2,120
5290459,5290302,2,60
5320104,5320154,2,120
5320134,5320203,2,180
5320154,5320104,2,120
5320203,5320134,2,180
5320203,5320209,2,240
5320209,5320203,2,240
5320210,5320211,2,480
5320211,5320210,2,480
5330119,5330158,2,960
5330158,5330119,2,960
5330198,5330199,2,180
5330198,5330203,2,180
5330198,5330228,2,660
5330199,5330198,2,180
5330199,5330203,2,120
5330199,5330228,2,420
5330201,5330228,2,180
5330203,5330198,2,180
5330203,5330199,2,120
5330203,5330228,2,540
5330209,5330236,2,300
5330228,5330198,2,660
5330228,5330199,2,420
5330228,5330201,2,180
5330228,5330203,2,540
5330236,5330209,2,240
5330236,5330268,2,300
5330268,5330236,2,300
5330304,5330312,2,60
5330305,5330312,2,780
5330312,5330304,2,60
5330312,5330305,2,780
5340136,5340306,2,300
5340136,5340307,2,60
5340215,5340238,2,60
5340238,5340215,2,60
5340306,5340136,2,300
5340306,5340307,2,360
5340307,5340136,2,60
5340307,5340306,2,360
5340353,5340423,2,600
5340414,5340434,2,180
5340423,5340353,2,600
5340434,5340414,2,180
5340503,5340504,2,840
5340503,5340554,2,480
5340504,5340503,2,840
5340542,5340942,2,60
5340554,5340503,2,480
5340942,5340542,2,60
5360308,5360341,2,60
5360341,5360308,2,60
5380102,5380110,2,60
5380110,5380102,2,60
5380284,5410505,2,300
5380290,5380317,2,240
5380317,5380290,2,240
5380324,5380395,2,120
5380395,5380324,2,120
5410505,5380284,2,300
5420223,5420271,2,300
5420271,5420223,2,300
5430102,5430103,2,60
5430103,5430102,2,60
5430304,5430336,2,60
5430336,5430304,2,60
5440237,5440245,2,60
5440245,5440237,2,60
5450155,5450176,2,180
5450176,5450155,2,180
6021001,6021002,2,600
6021001,6021003,2,180
6021001,6024155,2,900
6021002,6021001,2,600
6021002,6021003,2,480
6021002,6021004,2,300
6021002,6024155,2,420
6021003,6021001,2,180
6021003,6021002,2,480
6021004,6021002,2,300
6021035,6022606,2,300
6022290,6022292,2,180
6022292,6022290,2,180
6022606,6021035,2,300
6026008,6021002,2,300
6026015,6026020,2,300
6026020,6026015,2,300
6040040,6040300,2,180
6040300,6040040,2,180
6040660,6040670,2,300
6040670,6040660,2,300
6050001,6050920,2,600
6051040,6058100,2,360
6056060,6056120,2,180
6056120,6056060,2,180
6058100,6051040,2,360
6121170,6121175,2,180
6121175,6121170,2,180
6121220,6121222,2,240
6121222,6121220,2,240
6160160,6160610,2,1800
6160610,6160160,2,1800
6170095,6170120,2,900
6170120,6170095,2,900
6191211,6191230,2,900
6191230,6191211,2,900
6271280,6271527,2,720
6271280,6279211,2,120
6271527,6271280,2,720
6271527,6271600,2,120
6271600,6271527,2,120
6279211,6271280,2,120
6280250,6280260,2,180
6280250,6280270,2,240
6280260,6280250,2,180
6280270,6280250,2,240
